# SDF font metrics -- generated by mksdf.ps1, do not edit
font MatrixType
cell 96
spread 16
em 64
atlas 1536 576
g 32 0 0 96 96 45
g 33 96 0 96 96 45
g 34 192 0 96 96 45
g 35 288 0 96 96 45
g 36 384 0 96 96 45
g 37 480 0 96 96 45
g 38 576 0 96 96 45
g 39 672 0 96 96 45
g 40 768 0 96 96 45
g 41 864 0 96 96 45
g 42 960 0 96 96 45
g 43 1056 0 96 96 45
g 44 1152 0 96 96 45
g 45 1248 0 96 96 45
g 46 1344 0 96 96 45
g 47 1440 0 96 96 45
g 48 0 96 96 96 45
g 49 96 96 96 96 45
g 50 192 96 96 96 45
g 51 288 96 96 96 45
g 52 384 96 96 96 45
g 53 480 96 96 96 45
g 54 576 96 96 96 45
g 55 672 96 96 96 45
g 56 768 96 96 96 45
g 57 864 96 96 96 45
g 58 960 96 96 96 45
g 59 1056 96 96 96 45
g 60 1152 96 96 96 45
g 61 1248 96 96 96 45
g 62 1344 96 96 96 45
g 63 1440 96 96 96 45
g 64 0 192 96 96 45
g 65 96 192 96 96 45
g 66 192 192 96 96 45
g 67 288 192 96 96 45
g 68 384 192 96 96 45
g 69 480 192 96 96 45
g 70 576 192 96 96 45
g 71 672 192 96 96 45
g 72 768 192 96 96 45
g 73 864 192 96 96 45
g 74 960 192 96 96 45
g 75 1056 192 96 96 45
g 76 1152 192 96 96 45
g 77 1248 192 96 96 45
g 78 1344 192 96 96 45
g 79 1440 192 96 96 45
g 80 0 288 96 96 45
g 81 96 288 96 96 45
g 82 192 288 96 96 45
g 83 288 288 96 96 45
g 84 384 288 96 96 45
g 85 480 288 96 96 45
g 86 576 288 96 96 45
g 87 672 288 96 96 45
g 88 768 288 96 96 45
g 89 864 288 96 96 45
g 90 960 288 96 96 45
g 91 1056 288 96 96 45
g 92 1152 288 96 96 45
g 93 1248 288 96 96 45
g 94 1344 288 96 96 45
g 95 1440 288 96 96 45
g 96 0 384 96 96 45
g 97 96 384 96 96 45
g 98 192 384 96 96 45
g 99 288 384 96 96 45
g 100 384 384 96 96 45
g 101 480 384 96 96 45
g 102 576 384 96 96 45
g 103 672 384 96 96 45
g 104 768 384 96 96 45
g 105 864 384 96 96 45
g 106 960 384 96 96 45
g 107 1056 384 96 96 45
g 108 1152 384 96 96 45
g 109 1248 384 96 96 45
g 110 1344 384 96 96 45
g 111 1440 384 96 96 45
g 112 0 480 96 96 45
g 113 96 480 96 96 45
g 114 192 480 96 96 45
g 115 288 480 96 96 45
g 116 384 480 96 96 45
g 117 480 480 96 96 45
g 118 576 480 96 96 45
g 119 672 480 96 96 45
g 120 768 480 96 96 45
g 121 864 480 96 96 45
g 122 960 480 96 96 45
g 123 1056 480 96 96 45
g 124 1152 480 96 96 45
g 125 1248 480 96 96 45
g 126 1344 480 96 96 45
